0,533
0,532
0,531
0,530
0,529
113,2
113,0
0,528
0,527
0,526
0,525
0,472
112,2
48,7
48,6
48,5
118,35
112,1
112,3
113,5
113,4
113,1
113,6
113,3
48,8
3,1
3,3
10,258
10,12
10,238
10,172
10,4
10,110
10,166
10,192
11,4
11,8
11,6
9,7
9,4
9,6
8,10
8,9
8,17
8,5
8,14
50,4
50,3
50,2
50,1
50,0
49,4
49,3
49,2
49,1
49,0
48,4
48,3
48,2
48,1
48,0
47,3
47,2
47,1
47,0
20,3
20,2
20,1
19,3
19,2
19,1
12,3
12,2
12,1
11,29
11,28
11,27
11,26
11,25
11,24
11,23
11,22
11,21
11,20
11,19
11,18
11,17
11,16
11,15
11,14
11,13
11,12
11,9
11,3
11,2
11,1
10,301
10,255
10,253
18,1
10,229
18,3
10,193
10,159
10,115
10,1
10,95
10,3
10,2
9,1
9,5
9,3
9,2
8,18
